--- CLASSIFICATION REPORT (CommandSense v2.0) ---
Checkpoint: C:\Users\Administrator\Documents\Models\spoken-command-recognition\checkpoints\model_v2.0\CommandSense_v2.0.pth
Samples: 11005  Accuracy: 94.7842%

              precision    recall  f1-score   support

    backward     0.9810    0.9394    0.9598       165
         bed     0.9735    0.8889    0.9293       207
        bird     0.9206    0.9405    0.9305       185
         cat     0.9677    0.9278    0.9474       194
         dog     0.9248    0.9500    0.9372       220
        down     0.9142    0.9704    0.9415       406
       eight     0.9172    0.9779    0.9466       408
        five     0.9195    0.9753    0.9466       445
      follow     0.9484    0.8547    0.8991       172
     forward     0.8912    0.8452    0.8675       155
        four     0.9210    0.9325    0.9267       400
          go     0.8758    0.9652    0.9183       402
       happy     0.9741    0.9261    0.9495       203
       house     0.9585    0.9686    0.9635       191
       learn     0.9324    0.8571    0.8932       161
        left     0.9797    0.9369    0.9578       412
      marvin     0.9788    0.9487    0.9635       195
        nine     0.9475    0.9730    0.9601       408
          no     0.9506    0.9506    0.9506       405
         off     0.9640    0.9328    0.9482       402
          on     0.9683    0.9242    0.9457       396
         one     0.9841    0.9298    0.9562       399
       right     0.9501    0.9621    0.9561       396
       seven     0.9875    0.9704    0.9789       406
      sheila     0.9901    0.9481    0.9687       212
         six     0.9922    0.9721    0.9821       394
        stop     0.9552    0.9854    0.9701       411
       three     0.9171    0.9556    0.9359       405
        tree     0.9527    0.8342    0.8895       193
         two     0.9579    0.9670    0.9624       424
          up     0.9353    0.9529    0.9441       425
      visual     0.9240    0.9576    0.9405       165
         wow     0.9187    0.9320    0.9253       206
         yes     0.9807    0.9714    0.9760       419
        zero     0.9505    0.9641    0.9572       418

    accuracy                         0.9478     11005
   macro avg     0.9487    0.9397    0.9436     11005
weighted avg     0.9488    0.9478    0.9478     11005
